9 8 7 6 2 4 5 1 3 0 
8 6 7 3 2 4 5 0 1 
7 3 6 1 2 4 5 0 
6 2 5 0 1 3 4 
5 2 4 0 1 3 
4 2 3 0 1 
3 1 2 0 
2 0 1 
1 0 
0 1 2 3 4 5 6 7 8 9 

2 1 
1 2 

8 7 5 1 3 
7 3 5 1 
5 1 3 
3 1 
1 3 5 7 8 

30 22 29 17 21 25 28 10 16 18 20 14 24 26 27 1 7 4 15 3 9 8 19 2 11 6 23 5 13 12 
29 21 28 16 20 24 27 10 15 17 19 14 23 25 26 1 7 4 12 3 9 8 18 2 11 6 22 5 13 
28 20 27 15 19 23 26 10 13 16 18 14 22 24 25 1 7 4 12 3 9 8 17 2 11 6 21 5 
27 19 26 13 18 22 25 7 12 15 17 14 21 23 24 1 5 4 10 3 9 8 16 2 11 6 20 
26 19 25 13 18 21 24 7 12 15 17 14 20 22 23 1 5 4 10 3 9 8 16 2 11 6 
25 18 24 12 17 20 23 6 10 13 16 14 19 21 22 1 5 4 7 3 9 8 15 2 11 
24 17 23 11 16 19 22 6 10 12 15 14 18 20 21 1 5 4 7 3 9 8 13 2 
23 16 22 10 15 18 21 5 7 11 13 14 17 19 20 1 2 4 6 3 9 8 12 
22 15 21 10 13 17 20 5 7 11 12 14 16 18 19 1 2 4 6 3 9 8 
21 13 20 8 12 16 19 5 7 10 11 14 15 17 18 1 2 4 6 3 9 
20 12 19 8 11 15 18 5 7 9 10 13 14 16 17 1 2 4 6 3 
19 11 18 7 10 14 17 3 6 8 9 12 13 15 16 1 2 4 5 
18 10 17 6 9 13 16 3 5 7 8 11 12 14 15 1 2 4 
17 9 16 5 8 12 15 3 4 6 7 10 11 13 14 1 2 
16 8 15 4 7 11 14 2 3 5 6 9 10 12 13 1 
15 7 14 3 6 10 13 1 2 4 5 8 9 11 12 
14 7 13 3 6 10 12 1 2 4 5 8 9 11 
13 7 12 3 6 10 11 1 2 4 5 8 9 
12 7 11 3 6 9 10 1 2 4 5 8 
11 7 10 3 6 8 9 1 2 4 5 
10 6 9 3 5 7 8 1 2 4 
9 5 8 3 4 6 7 1 2 
8 4 7 2 3 5 6 1 
7 3 6 1 2 4 5 
6 3 5 1 2 4 
5 3 4 1 2 
4 2 3 1 
3 1 2 
2 1 
1 2 3 4 5 6 7 8 9 10 11 12 13 14 15 16 17 18 19 20 21 22 23 24 25 26 27 28 29 30 

